BFS
226 244 109
26 131 73
40 229 6
2833066
0 83 14 1
0 83 15 1 12
0 83 32 3 12
0 84 32 3 4
0 84 33 3 7
0 85 32 4 15
0 85 33 4 16
0 86 32 7 17
0 86 33 16 18
0 87 24 5 7
0 87 25 6 15
0 87 28 5 12
0 87 29 5 6
0 87 30 6 8
0 87 32 1 17
0 88 21 3 15
0 88 23 7
0 88 26 7 18
0 88 31 1 15
0 89 10 1 7
0 89 21 1 4
0 89 22 3 18
0 89 25 1 11
0 89 26 3 11
0 89 27 1 12
0 89 32 15 18
0 90 10 3 16
0 90 22 4 5
0 90 23 6 16
0 90 24 3 8
0 90 25 3 16
0 90 26 4 5
0 90 27 6
0 90 33 11 18
0 91 9 12 17
0 91 10 4 8
0 91 19 1 3
0 91 21 1 16
0 91 22 7 17
0 91 23 15 16
0 91 24 4 17
0 91 25 1 4
0 91 26 7 8
0 92 1 7 11
0 92 2 5 8
0 92 3 6 7
0 92 19 4 7
0 92 20 15 17
0 92 22 12 17
0 92 24 5 18
0 92 25 5 6 11 16
0 92 26 3 6
0 92 27 3 5
0 92 28 3 6
0 93 0 7 15
0 93 4 8 11
0 93 11 15
0 93 21 16 18
0 93 22 11 12
0 93 23 7 15
0 93 24 16 17
0 93 25 1 8
0 93 26 4 16
0 93 27 4 7
0 93 28 4 16
0 93 29 11 16
0 94 1 3 18
0 94 12 8 18
0 94 20 16 17
0 94 21 5
0 94 22 5 6
0 94 23 3 6 17
0 94 24 15 18
0 94 25 5 17
0 94 26 6 11
0 94 27 16 17
0 94 28 5 17
0 94 29 6 16
0 95 1 4 5
0 95 2 1 6
0 95 9 5 11
0 95 10 6 7
0 95 11 5 8
0 95 12 6 12
0 95 19 17
0 95 21 7 15
0 95 22 3 15
0 95 23 4 11
0 95 24 1 12
0 95 25 1 18
0 95 26 15 17
0 95 28 11 17
0 95 29 3 11
0 95 30 7 16
0 96 0 5 11
0 96 1 6 12
0 96 6 5 16
0 96 7 6 11
0 96 11 1 12
0 96 13 8 11
0 96 19 7 11
0 96 22 4 18
0 96 23 15 18
0 96 24 12 15
0 96 25 3 16
0 96 27 18
0 96 29 4 17
0 97 0 3 15
0 97 2 12 15
0 97 3 1 16
0 97 4 7
0 97 5 7 17
0 97 20 1 11
0 97 23 8 16
0 97 24 17 18
0 97 25 4 18
0 97 26 7 8
0 97 27 8 15
0 97 28 1
0 97 33 3 5
0 97 34 6 15
0 97 36 15 16
0 98 0 3 4
0 98 1 15 18
0 98 2 11 17
0 98 3 8 18
0 98 8 15 16
0 98 12 11 12
0 98 14 7 12
0 98 20 3 8
0 98 22 1 17
0 98 23 8 16
0 98 24 1 3
0 98 25 5 11
0 98 26 5 6
0 98 27 6 11
0 98 28 8 18
0 98 33 4 11
0 98 35 17 18
0 98 37 18
0 98 41 3 8
0 99 0 4 7
0 99 2 16 18
0 99 4 8 15
0 99 7 17
0 99 9 3 18
0 99 10 11 12
0 99 13 3 16
0 99 20 4 12
0 99 22 5 17
0 99 23 6 16
0 99 24 4 11
0 99 25 5 12
0 99 26 5 6
0 99 27 6 8
0 99 28 5 16
0 99 29 5 6
0 99 30 6
0 99 33 7 8
0 99 35 15
0 99 36 3 16
0 99 41 3 4
0 100 1 1 17
0 100 2 1
0 100 4 8 16
0 100 5 5 18
0 100 6 1 6
0 100 7 11 15
0 100 9 4 15
0 100 11 5 15
0 100 12 6 17
0 100 13 4 12
0 100 14 3 11
0 100 16 7 11
0 100 20 1 12
0 100 21 8 11
0 100 22 8 17
0 100 24 5 8
0 100 25 1 6
0 100 27 11 17
0 100 33 5 7
0 100 34 1 6
0 100 35 3 17
0 100 36 4 18
0 100 37 11
0 100 41 4 12
0 100 42 3 8
0 101 0 11 15
0 101 3 16 17
0 101 4 1 11
0 101 5 3 8 11
0 101 6 3 15
0 101 8 1 18
0 101 9 8 11
0 101 10 15 18
0 101 11 5 7
0 101 12 6 18
0 101 13 3 16
0 101 14 1 4
0 101 15 1 15
0 101 16 7 11
0 101 17 7 12
0 101 18 15 16
0 101 20 1 5
0 101 21 3 6
0 101 22 15
0 101 23 3 15
0 101 24 5 15
0 101 25 6 8
0 101 26 3 5
0 101 27 5 6
0 101 28 6 16
0 101 29 1 15
0 101 30 7 11
0 101 31 5 12
0 101 32 6 16
0 101 34 15 16
0 101 35 4 16
0 101 42 4 8
0 101 45 3 15
0 101 46 8 11
0 101 47 1 11
0 102 1 1 18
0 102 2 16 17
0 102 4 3 11
0 102 5 3 4
0 102 6 3 4
0 102 7 15 18
0 102 8 8 12
0 102 9 12 15
0 102 10 3 12
0 102 11 3 18
0 102 12 7 17
0 102 13 4 7
0 102 14 1 12
0 102 16 16 18
0 102 17 16 17
0 102 18 7 15
0 102 19 7 18
0 102 20 1 12
0 102 21 4 16
0 102 23 4 18
0 102 24 3 18
0 102 25 16 18
0 102 26 4 15
0 102 27 8 17
0 102 28 5 8
0 102 29 5 6
0 102 30 6 7 18
0 102 31 1 17
0 102 32 1 16
0 102 33 12 17
0 102 34 16 17
0 102 35 5 18
0 102 36 6 12
0 102 44 3 5
0 102 45 4 6
0 102 46 11 18
0 103 1 1 17
0 103 2 7 12
0 103 3 1 15
0 103 4 1 4
0 103 5 4
0 103 6 4 8
0 103 7 1 8
0 103 8 3 18
0 103 9 1 8
0 103 10 4 18
0 103 11 4 12
0 103 13 5 15
0 103 14 5 6
0 103 15 6 17
0 103 16 16 17
0 103 17 3 12
0 103 18 7 11
0 103 19 7 18
0 103 20 15 17
0 103 21 1 7
0 103 22 3 16
0 103 23 3 7
0 103 24 1 4 17
0 103 25 3 5
0 103 26 6 8
0 103 27 11 18
0 103 28 7 8
0 103 29 8 15
0 103 30 3 12
0 103 31 12 15 16 17
0 103 32 11 16
0 103 33 3 17
0 103 34 5 11
0 103 35 6 11
0 103 36 1 16
0 103 42 11 12
0 103 44 4 8
0 103 45 11 15
0 103 47 3 8
0 104 1 11 12
0 104 2 7
0 104 3 1 16
0 104 4 15 18
0 104 5 1 12
0 104 6 1 16
0 104 7 8
0 104 8 4 11
0 104 13 5
0 104 14 6 18
0 104 15 3 17
0 104 16 11 12
0 104 17 4 11
0 104 18 7
0 104 19 15
0 104 20 1 7
0 104 21 17 18
0 104 22 4 15
0 104 23 4 8
0 104 24 7 8
0 104 25 4 5
0 104 26 6 12
0 104 27 7 12
0 104 28 3 12
0 104 29 1
0 104 30 3 4 5 17 18
0 104 31 6 17
0 104 32 1 18
0 104 33 4 15
0 104 34 15 16
0 104 35 11 17
0 104 36 12 15
0 104 37 1 11
0 104 39 7 16
0 104 41 5 12
0 104 42 6 15
0 104 45 1 3
0 104 46 12 18
0 104 47 4 7
0 104 63 11
0 105 0 1 15
0 105 1 1 16
0 105 2 8 17
0 105 3 11 16
0 105 4 11 12
0 105 5 17 18
0 105 6 3 7
0 105 8 12 15
0 105 13 1 3
0 105 14 8 11
0 105 15 4 7
0 105 16 3 7 8 12
0 105 17 3 11
0 105 18 5 7
0 105 19 6 8 12
0 105 20 1 18
0 105 21 12 16
0 105 22 1 5
0 105 23 6 11 15 18
0 105 24 12
0 105 27 1 3
0 105 28 4
0 105 29 12 16
0 105 30 4 15
0 105 31 8 16
0 105 32 3
0 105 33 17
0 105 34 11 18
0 105 35 16 18
0 105 37 5 18
0 105 38 6 17
0 105 41 5 7
0 105 42 1 6
0 105 43 8 18
0 105 44 1 8
0 105 45 4 16
0 105 46 1 11
0 105 47 3 8
0 105 48 7 15
0 106 0 17
0 106 1 16 18
0 106 2 12 17
0 106 3 3 16
0 106 4 1 11
0 106 5 8 15
0 106 6 4 8
0 106 8 7 11
0 106 9 12 18
0 106 10 1 7
0 106 11 1 8
0 106 13 4 15
0 106 15 12 16
0 106 16 4 5
0 106 17 4 6
0 106 18 8
0 106 19 15 16
0 106 20 12 17
0 106 21 3 5
0 106 22 1 6
0 106 23 12
0 106 24 1 18
0 106 25 3 15
0 106 27 4 15
0 106 28 11 17
0 106 29 15 16
0 106 30 16 17
0 106 31 15 18
0 106 32 4 11
0 106 33 15
0 106 34 5 17
0 106 35 6 15
0 106 36 5 12
0 106 37 6 8
0 106 42 1 5
0 106 43 3 6
0 106 44 5 8 11 17
0 106 45 6 12
0 106 46 1 16
0 106 47 4 5
0 106 48 6
0 106 49 16 18
0 106 50 1 15
0 107 0 17
0 107 1 11 12
0 107 2 12 17
0 107 3 4 15
0 107 4 3 16
0 107 5 3 12
0 107 6 1 18
0 107 12 11 16
0 107 14 17 18
0 107 16 1 15
0 107 17 15
0 107 18 1 17
0 107 19 3
0 107 20 5 18
0 107 21 4 5 6
0 107 22 6 7
0 107 23 3 16
0 107 24 8 15
0 107 25 4 16
0 107 26 7 18
0 107 27 1 7
0 107 28 17 18
0 107 29 16 17
0 107 30 1 18
0 107 31 3 12
0 107 32 16 18
0 107 33 1 5
0 107 34 6 8 18
0 107 35 5 16
0 107 36 6 18
0 107 37 8 16
0 107 41 8 16
0 107 43 4 5
0 107 44 1 6
0 107 45 3 17
0 107 48 12 17
0 107 51 7 18
0 108 0 8 15
0 108 1 3 11
0 108 2 3 12
0 108 3 11 17
0 108 4 4 18
0 108 5 4 11
0 108 6 1 16
0 108 7 1 8
0 108 11 3 17
0 108 12 5 7
0 108 13 3 6
0 108 14 5 11
0 108 15 6 8
0 108 17 8 18
0 108 18 16 18
0 108 19 3 4
0 108 20 1 3
0 108 21 1 15
0 108 22 16 17
0 108 23 4 7
0 108 24 15 17
0 108 25 16 18
0 108 26 7
0 108 27 5 15
0 108 28 6 17
0 108 29 3 16
0 108 30 7 11
0 108 31 4 17
0 108 32 3 8
0 108 33 12 15
0 108 34 16 17
0 108 35 8 15
0 108 36 1 17
0 108 37 1
0 108 38 1 5
0 108 39 6
0 108 40 3 17
0 108 45 3 4
0 108 46 1 3
0 108 51 7 16
0 108 63 7 15
0 109 0 8 11
0 109 1 1 4 7 15 16 18
0 109 2 4 16
0 109 3 12 15
0 109 4 11 12
0 109 5 5 15 17
0 109 6 6 16
0 109 7 3 16
0 109 8 1 3
0 109 11 4 15
0 109 12 8 12
0 109 13 4 15
0 109 17 7 17
0 109 19 3 4
0 109 20 4 5
0 109 21 6 17
0 109 22 7 18
0 109 23 12 16
0 109 24 7 17
0 109 25 5 18
0 109 26 1 6
0 109 27 3 7
0 109 28 17 18
0 109 29 1 4
0 109 30 5 15
0 109 31 6 11
0 109 32 4 8
0 109 33 8 16 17
0 109 34 11 18
0 109 35 1 7
0 109 36 5 18
0 109 37 6 15
0 109 39 7 15
0 109 40 4 5
0 109 41 1 6
0 109 42 5 7
0 109 43 6 11
0 109 44 5 15
0 109 45 4 6
0 109 46 4 12
0 109 47 7 16
0 109 50 5 17
0 109 51 6 16
0 109 64 8 18
0 110 0 8 17
0 110 1 16 17
0 110 2 1 11 18
0 110 3 3 7
0 110 4 1 18
0 110 5 7 17
0 110 6 3 17 18
0 110 7 3 4 15
0 110 8 4 5
0 110 9 1 6
0 110 12 16 18
0 110 13 1 12
0 110 14 16 18
0 110 16 3 8
0 110 18 8 16
0 110 19 4 5
0 110 20 6 16
0 110 22 11 17
0 110 23 3 15
0 110 24 5 16
0 110 25 6 8
0 110 26 15 16
0 110 27 4 12
0 110 28 1 7
0 110 29 1 3
0 110 30 7 11
0 110 31 16 18
0 110 32 11 17
0 110 33 12 16
0 110 34 3 16
0 110 37 11 12
0 110 38 16 18
0 110 39 12
0 110 40 11 18
0 110 45 16 18
0 110 46 7 17
0 110 47 12 15
0 110 49 11 15
0 110 50 3 17
0 110 52 1 3
0 110 53 3 5
0 110 54 6 11
0 111 0 1 7 17
0 111 1 7 8
0 111 2 12 16
0 111 3 4 16
0 111 4 5 8
0 111 5 3 6
0 111 6 4 11
0 111 7 4 15
0 111 8 1 18
0 111 9 16
0 111 11 1 17
0 111 12 8 12
0 111 13 1 17
0 111 14 5 15
0 111 15 6 8
0 111 16 4 5
0 111 17 6 17
0 111 19 5 17
0 111 20 6 7
0 111 21 1 11
0 111 23 4 17
0 111 24 7 18
0 111 25 16 17
0 111 26 1 5
0 111 27 6 18
0 111 28 1 5
0 111 29 4 6
0 111 30 12 17
0 111 31 5 7
0 111 32 6 17
0 111 33 8 17
0 111 34 3 4
0 111 37 1 17
0 111 39 3 12
0 111 43 3 7
0 111 44 3 17
0 111 45 3 12
0 111 46 11 16
0 111 47 3 15
0 111 48 15 18
0 111 49 3 8
0 111 50 4 18
0 111 52 4 5
0 111 53 4 6
0 112 0 5 7
0 112 1 6 17
0 112 2 16 17
0 112 3 1 12
0 112 4 12 15
0 112 5 4 5
0 112 6 5 6
0 112 7 6 11
0 112 8 17 18
0 112 9 3 5
0 112 10 6 11
0 112 11 5 15
0 112 12 6 15
0 112 13 1 15
0 112 15 15 18
0 112 17 5
0 112 18 6 7
0 112 19 11 12
0 112 20 12 16
0 112 21 1 3
0 112 22 5 15
0 112 23 6 8
0 112 24 7 17
0 112 25 16
0 112 26 5 15
0 112 27 6 16
0 112 28 1 7
0 112 29 3 11
0 112 30 1
0 112 33 1 7
0 112 34 1 4
0 112 37 3 7
0 112 39 4 7
0 112 40 7 11
0 112 42 5 15
0 112 43 4 6
0 112 44 3 4
0 112 45 4 17
0 112 46 3 12
0 112 47 4 16
0 112 48 3 18
0 112 49 4 18
0 112 50 7 12
0 112 52 5 12
0 112 53 6 12
0 113 0 3 5
0 113 1 6 17
0 113 2 3 11
0 113 3 8 12
0 113 4 7 12
0 113 5 16 18
0 113 6 11
0 113 7 5 12
0 113 8 6 16
0 113 9 4 7
0 113 10 7 12
0 113 11 3 12
0 113 12 15 18
0 113 13 7 18
0 113 14 15 18
0 113 15 1 7
0 113 16 7 18
0 113 17 1 8
0 113 18 1 11
0 113 19 5 17
0 113 20 6 16
0 113 21 1 4
0 113 22 15 16
0 113 23 15 18
0 113 24 5 17
0 113 25 3 6
0 113 26 7 17
0 113 27 1 18
0 113 28 15 16
0 113 29 4 16
0 113 31 1 5
0 113 32 5 6
0 113 33 6 8
0 113 34 1 3
0 113 37 4 15
0 113 38 1 5
0 113 39 6 11
0 113 43 11 18
0 113 44 4
0 113 45 1 12
0 113 46 4 17
0 113 48 4 15
0 113 49 5 12
0 113 50 6 8
0 113 68 1 7
0 114 0 1 4
0 114 1 15 16
0 114 2 4 12
0 114 3 7 15
0 114 4 11 17
0 114 5 3 15
0 114 6 1 7
0 114 7 16 17
0 114 8 8 15
0 114 9 11 12
0 114 10 5 7
0 114 11 4 6
0 114 13 5 18
0 114 14 6 16
0 114 15 8 18
0 114 16 16
0 114 17 11 16
0 114 18 1 15
0 114 19 5 17
0 114 20 6 15
0 114 21 7 17
0 114 22 3
0 114 23 5 18
0 114 24 6 18
0 114 25 3 4
0 114 26 7 8 16
0 114 27 5 17
0 114 28 6 17
0 114 29 7 11 18
0 114 30 12 15
0 114 31 8 11
0 114 33 7 15
0 114 34 4 16
0 114 38 15 18
0 114 43 3 15
0 114 45 5 11
0 114 46 6 7
0 114 47 7 16
0 114 49 16 18
0 114 52 7 16
0 114 63 7 11
0 115 0 1 17
0 115 1 3 12
0 115 2 3 18
0 115 3 8 11
0 115 4 1 18
0 115 5 1 4
0 115 6 17 18
0 115 7 7 11
0 115 8 11 16
0 115 9 7 18
0 115 10 16
0 115 11 3 5
0 115 12 6 8
0 115 13 5 17
0 115 14 6 16
0 115 15 3 17
0 115 16 7 17
0 115 17 8 15
0 115 18 3
0 115 19 5 18
0 115 20 5 6
0 115 21 6 18
0 115 22 4 5
0 115 23 6 8
0 115 24 3 16
0 115 25 4 17
0 115 26 5 7
0 115 27 1 6
0 115 28 15 16
0 115 29 3 5
0 115 30 6 15
0 115 31 11 18
0 115 32 7 8
0 115 33 15 17
0 115 34 5 18
0 115 35 3 6
0 115 36 3 16
0 115 38 7
0 115 39 7 18
0 115 40 1 7
0 115 43 4 12
0 115 44 5 18
0 115 45 6 11
0 115 46 7 17
0 115 48 5 17
0 115 49 6 16
0 115 51 12 17
0 115 61 5
0 115 62 6 15
0 115 63 7 15
0 115 64 7 12
0 115 70 11
0 116 0 3
0 116 1 4
0 116 2 1 4
0 116 3 5 7
0 116 4 6 15
0 116 5 11
0 116 6 5
0 116 7 6 17
0 116 8 5 16
0 116 9 6 16 17
0 116 10 1 16
0 116 11 3 4
0 116 12 15
0 116 13 16 17
0 116 14 1
0 116 15 4 15
0 116 16 15
0 116 17 8 11
0 116 18 4 18
0 116 19 11 16
0 116 20 1 7
0 116 21 5 7
0 116 22 6 15
0 116 23 16 17
0 116 24 4 7
0 116 25 12 16
0 116 26 5
0 116 27 3 5 6 11 16 17
0 116 28 6 15
0 116 29 4 18
0 116 30 1 8
0 116 31 16 18
0 116 32 11 12
0 116 33 12 16
0 116 34 3 18
0 116 35 4 17
0 116 36 4 7
0 116 39 1 12
0 116 41 3 15
0 116 42 3
0 116 44 1 7
0 116 46 12 15
0 116 48 12 17
0 116 58 3 15
0 116 63 15 18
0 116 64 15 18
0 116 67 8 12
0 116 70 5 12
0 116 71 6 8
0 117 0 4 5
0 117 1 3 6
0 117 2 3 7
0 117 3 8
0 117 4 1 16
0 117 5 7 18
0 117 6 11 16
0 117 7 3 17
0 117 8 17
0 117 9 15 17
0 117 10 5 16
0 117 11 4 6
0 117 12 11 17
0 117 13 5 18
0 117 14 6 16
0 117 15 11 15
0 117 16 16 18
0 117 17 8 18
0 117 18 16 17
0 117 19 12 15
0 117 20 3 15
0 117 21 3 12
0 117 22 8 17
0 117 23 1 18
0 117 24 5 17
0 117 25 6 11
0 117 26 7 17
0 117 27 4 5
0 117 28 6 12
0 117 29 15 18
0 117 30 16 17
0 117 32 7 17
0 117 33 1 11
0 117 34 4 8
0 117 35 5 8
0 117 36 6 11
0 117 39 12 16
0 117 40 3 15
0 117 41 4 11
0 117 42 4 18
0 117 44 11 16
0 117 46 5 15
0 117 47 6 18
0 117 49 11 15
0 117 51 7 8
0 117 54 11 16
0 117 56 8 15
0 117 58 1 4
0 117 59 5 18
0 117 60 5 6
0 117 61 1 6
0 117 62 5 16
0 117 63 6 16
0 117 64 3 18
0 117 65 3 18
0 117 66 8 11
0 118 0 3
0 118 1 4 5
0 118 2 4 6
0 118 3 16 17
0 118 4 1 16
0 118 5 12 17
0 118 6 1 15
0 118 7 4 8 16
0 118 8 3 8
0 118 9 8 17
0 118 10 7 18
0 118 11 5 12
0 118 12 6 15
0 118 13 16 17
0 118 14 1 12
0 118 15 3 17
0 118 16 16 18
0 118 17 8 17
0 118 18 16
0 118 19 3 8
0 118 20 4 18
0 118 21 4 18
0 118 24 1 16
0 118 25 3 16
0 118 26 1 3
0 118 27 15
0 118 28 8
0 118 29 1 17
0 118 30 16 18
0 118 31 3 5
0 118 32 6
0 118 33 3 5
0 118 34 1 6
0 118 35 5 7
0 118 36 6 11
0 118 37 3 8
0 118 38 12 17
0 118 39 3 11
0 118 40 4 7
0 118 41 7 18
0 118 42 1 16
0 118 43 3 17
0 118 45 12
0 118 47 15 18
0 118 48 3 12
0 118 50 18
0 118 53 16 17
0 118 54 5 16
0 118 55 1 6
0 118 57 11 18
0 118 61 8 17
0 118 62 7 17
0 118 64 4 7
0 118 65 4 8
0 118 70 7 12
0 119 0 1 3 4 15
0 119 1 5 15
0 119 2 6 17
0 119 3 3 17
0 119 4 7 11
0 119 5 7 15
0 119 6 5 17
0 119 7 3 6 16 18
0 119 8 4 16
0 119 9 15 16
0 119 10 12
0 119 11 3 16
0 119 12 3 17
0 119 13 12 18
0 119 14 7 15
0 119 15 4 17
0 119 16 3 11
0 119 17 15 17
0 119 18 3 11
0 119 19 4 12
0 119 20 3 7
0 119 21 7 16
0 119 23 17
0 119 24 15 17
0 119 25 4 11
0 119 26 4 11
0 119 27 1 3
0 119 28 15 18
0 119 29 15 17
0 119 30 3 15
0 119 31 4 5
0 119 32 6 16
0 119 33 4
0 119 34 8 16
0 119 35 5 16
0 119 36 6 15
0 119 37 1 4
0 119 38 1 15
0 119 39 3 4
0 119 40 5 16
0 119 41 6 17
0 119 42 15
0 119 43 4 5
0 119 44 6 16
0 119 48 4 18
0 119 52 16 17
0 119 53 5 17
0 119 54 6 15
0 119 55 11 15
0 119 61 3
0 119 62 1 3
0 119 63 5 11
0 119 64 6 7
0 119 65 3 8
0 119 66 5 7
0 119 67 6 8
0 119 71 1 15
0 120 0 4
0 120 1 15 18
0 120 2 15 18
0 120 3 4 12
0 120 4 1 11
0 120 5 3 7
0 120 6 17 18
0 120 7 4 17
0 120 8 16 17
0 120 9 7 12
0 120 10 17 18
0 120 11 3 4 5
0 120 12 1 4 5 6 11 12
0 120 13 6 15
0 120 15 5 18
0 120 16 4 6
0 120 17 1 15
0 120 18 4 15 16 18
0 120 19 8 16
0 120 20 4 17
0 120 21 3 11
0 120 23 11 15
0 120 24 5 7
0 120 25 6 18
0 120 26 15 16
0 120 27 4 16
0 120 28 15 16
0 120 29 1 3 18
0 120 30 4 18
0 120 31 17 18
0 120 32 8 11
0 120 33 12 17
0 120 34 12 17
0 120 35 1 5
0 120 36 5 6
0 120 37 5 6 18
0 120 38 5 6 12
0 120 39 3 4 6 17 18
0 120 40 7 11
0 120 41 5 12
0 120 42 6 12
0 120 43 17 18
0 120 49 1 3
0 120 51 15 17
0 120 52 5 11
0 120 53 6 15
0 120 54 5 11
0 120 55 6 18
0 120 56 1 18
0 120 61 4 7
0 120 62 3 4
0 120 63 1 15
0 120 64 5 15
0 120 65 4 6
0 120 66 5 16
0 120 67 6 11
0 120 72 12 18
0 120 81 16
0 121 0 7 11
0 121 1 12 16
0 121 2 1 18
0 121 3 3 18
0 121 4 7
0 121 5 4 12
0 121 6 8 12
0 121 7 12 17
0 121 8 12
0 121 9 5 7
0 121 10 6
0 121 11 4 7 12
0 121 12 8 16
0 121 13 11 12
0 121 14 3 18
0 121 15 8 15
0 121 16 5 16
0 121 17 6 17
0 121 18 17 18
0 121 19 5 18
0 121 20 3 6
0 121 21 4 7
0 121 22 3 7
0 121 23 3 12
0 121 24 15 18
0 121 25 17
0 121 26 8 17
0 121 27 17 18
0 121 28 3 8
0 121 29 4 18
0 121 30 5 16
0 121 31 6 16
0 121 32 1 11
0 121 33 1 15
0 121 34 16
0 121 35 1 3
0 121 36 15
0 121 37 1 3
0 121 38 5 16
0 121 39 4 6 15
0 121 40 12 15
0 121 41 11 15
0 121 42 16
0 121 43 5 7
0 121 44 1 6
0 121 45 5 11
0 121 46 6 12
0 121 47 11 15
0 121 48 12 16
0 121 49 4 16
0 121 51 8 11
0 121 52 5 18
0 121 53 6 8
0 121 54 12 18
0 121 55 3 15
0 121 56 12 16
0 121 57 5 11
0 121 58 6 15
0 121 60 7 16
0 121 62 4 7
0 121 63 8 16
0 121 64 15 18
0 121 65 3 7 8 12 15 16 17 18
0 121 66 3 15
0 121 67 7 11
0 121 71 3 11
0 121 75 5 12
0 121 76 1 6
0 121 78 3 8
0 121 80 8 17
0 121 82 8 15
0 122 0 7 17
0 122 1 15 16
0 122 2 7 12 16
0 122 3 4 7
0 122 4 12 16
0 122 5 1 3
0 122 6 3 11
0 122 7 5 7 15
0 122 8 6 11
0 122 9 5 7
0 122 10 6 12
0 122 11 3 17
0 122 12 1 5
0 122 13 6 16
0 122 14 4 15
0 122 15 7 17
0 122 16 8 18
0 122 17 12
0 122 18 8 16
0 122 19 11 16
0 122 20 4 5
0 122 21 6
0 122 22 4 15
0 122 23 4
0 122 24 12 16
0 122 25 3 18
0 122 26 7 15
0 122 27 3
0 122 28 4 8
0 122 29 1 17
0 122 30 8 17
0 122 31 7 15
0 122 32 5 16
0 122 33 6 17
0 122 34 16 18
0 122 35 4 5
0 122 36 6 15
0 122 37 3 4 12 17 18
0 122 38 12 15
0 122 39 12 15
0 122 40 11 18
0 122 41 17 18
0 122 42 1 18
0 122 43 3 5
0 122 44 6 7
0 122 45 3 11
0 122 47 16 17
0 122 48 17 18
0 122 49 1 5
0 122 50 6 7
0 122 51 11 16
0 122 52 7 16
0 122 53 16
0 122 54 1 12
0 122 55 4 17
0 122 56 11 18
0 122 57 5 16
0 122 58 3 6
0 122 59 17 18
0 122 62 15 17
0 122 64 12 17
0 122 65 4 18
0 122 66 4 18
0 122 67 12 18
0 122 71 3 4
0 122 73 3 16
0 122 78 4 5
0 122 79 1 6
0 122 83 5 18
0 122 84 6 16
0 123 0 15 17
0 123 1 16 17
0 123 2 5 18
0 123 3 3 6 16 17
0 123 4 1 15
0 123 5 4 7
0 123 6 4 15
0 123 7 16
0 123 8 18
0 123 9 16
0 123 10 1 8
0 123 11 4 5 15
0 123 12 6 17
0 123 13 8 12
0 123 14 8 16
0 123 15 5 18
0 123 16 6 7
0 123 17 11 17
0 123 18 3 17
0 123 19 5 11
0 123 20 5 6
0 123 21 3 6
0 123 22 1 11
0 123 23 17 18
0 123 24 11 16
0 123 25 4 12
0 123 26 8 12
0 123 27 3 4 18
0 123 28 7
0 123 29 5 16
0 123 30 6 16
0 123 31 5 17
0 123 32 3 6 11 18
0 123 33 15 17
0 123 34 15 16
0 123 35 3 5
0 123 36 3 6
0 123 37 4 15 16 18
0 123 38 5
0 123 39 6 16 18
0 123 40 3 18
0 123 41 3 11
0 123 43 1 4
0 123 44 12 15
0 123 45 4 16
0 123 46 3 17
0 123 47 5 15
0 123 48 6 11
0 123 50 11 17
0 123 51 3 17
0 123 52 3 17
0 123 53 11 15
0 123 54 11 15
0 123 55 1
0 123 56 7 17
0 123 57 5 12
0 123 58 4 6
0 123 59 1 16
0 123 60 3 11
0 123 61 7 8
0 123 62 16
0 123 63 15 18
0 123 64 7 12
0 123 66 3 11
0 123 68 7 16
0 123 71 4 11
0 123 72 3 17
0 123 73 4 8
0 123 83 12 17
0 124 0 3 17
0 124 1 8 18
0 124 2 12 17
0 124 3 3 4
0 124 4 1 5
0 124 5 6 18
0 124 6 7 17
0 124 7 1 18
0 124 8 5 17
0 124 9 5 6
0 124 10 1 5 6 8 15
0 124 11 6 16
0 124 12 11 18
0 124 13 8 17
0 124 14 1 5
0 124 15 6 8
0 124 16 5 11
0 124 17 6 16
0 124 18 4 8
0 124 19 11 15
0 124 20 15
0 124 21 4 15
0 124 22 5 7
0 124 23 6 17
0 124 24 1 16
0 124 25 5 12
0 124 26 5 6
0 124 27 4 6
0 124 28 8 17
0 124 29 1 17
0 124 30 12 15
0 124 31 15
0 124 32 4 7
0 124 33 1 17
0 124 34 16 18
0 124 35 4 18
0 124 36 4 17
0 124 37 3 12
0 124 38 17 18
0 124 39 12 15
0 124 40 4 15
0 124 41 4 5
0 124 42 6
0 124 43 5 7
0 124 44 6 17
0 124 45 12 18
0 124 46 4 12
0 124 47 5 11
0 124 48 6 18
0 124 50 3 15
0 124 51 4 12
0 124 52 3 4
0 124 53 3 8
0 124 54 18
0 124 55 7 18
0 124 56 12 16
0 124 57 1 11
0 124 58 16 17
0 124 59 3 11
0 124 60 4 12
0 124 61 16 17
0 124 62 8 15
0 124 64 5 18
0 124 65 6 15
0 124 66 3 4
0 124 67 5 17
0 124 68 6 8
0 124 69 3 5
0 124 70 5 6
0 124 71 1 6
0 124 72 1 4
0 124 73 5 16
0 124 74 3 6
0 124 75 5 15
0 124 76 6 16
0 124 80 1 5
0 124 81 6 7
0 124 82 1 16
0 124 83 5 12
0 124 84 6 15
0 124 86 12 16
0 125 0 4 15
0 125 1 1 7
0 125 2 5 8
0 125 3 4 6
0 125 4 7 11
0 125 5 3 5
0 125 6 6 12
0 125 7 5 7
0 125 8 6 15 16
0 125 9 5 15
0 125 10 6 17
0 125 11 3 18
0 125 12 7 16
0 125 13 12 15
0 125 14 12
0 125 15 3 11
0 125 16 11 17
0 125 17 3 16
0 125 18 5 15
0 125 19 6 8
0 125 20 15 18
0 125 21 16 18
0 125 22 11 18
0 125 23 17
0 125 24 3 16
0 125 25 11 15
0 125 26 5 16
0 125 27 5 6
0 125 28 1 6
0 125 29 5
0 125 30 6 16
0 125 31 16 18
0 125 32 11 18
0 125 33 5 17
0 125 34 5 6
0 125 35 6 11
0 125 36 11 16
0 125 37 4 7
0 125 38 3 7
0 125 39 8 11
0 125 40 8 18
0 125 41 16 18
0 125 42 7 16
0 125 43 5 8
0 125 44 6 16
0 125 45 1
0 125 46 5 16
0 125 47 3 6
0 125 48 3 16
0 125 49 15 16
0 125 50 4 12
0 125 51 5 18
0 125 52 4 6
0 125 53 3 4 8
0 125 54 8 15
0 125 55 12 17
0 125 56 1 12
0 125 57 16 17
0 125 58 12 16
0 125 59 4 11
0 125 60 1 17
0 125 62 5 11
0 125 63 6 18
0 125 64 5 8
0 125 65 6 7
0 125 66 4 18
0 125 67 3 12
0 125 68 5 11
0 125 69 4 6
0 125 71 7 16
0 125 72 12 17
0 125 74 4 5
0 125 75 6 17
0 125 76 1 18
0 125 81 1 17
0 125 83 7 11
0 125 85 17 18
0 126 0 5 8 15
0 126 1 6 18
0 126 2 3 8
0 126 3 3
0 126 4 11 12
0 126 5 4 5
0 126 6 6 16
0 126 7 17
0 126 8 3 8
0 126 9 18
0 126 10 1 18
0 126 11 4 17
0 126 12 5 16
0 126 13 6 15
0 126 14 15 18
0 126 15 4 8
0 126 16 17
0 126 17 4 5
0 126 18 1 6
0 126 19 1 3 16 18
0 126 20 1 17
0 126 21 7 18
0 126 22 5
0 126 23 6 17
0 126 24 4 11
0 126 25 16 17
0 126 26 3 18
0 126 27 15
0 126 28 8 12
0 126 29 1 17
0 126 30 11 17
0 126 31 3 15
0 126 32 15
0 126 33 5 12
0 126 34 3 6
0 126 35 3 8 12 16 17
0 126 36 5 7
0 126 37 3 6
0 126 38 4 8
0 126 39 7 11
0 126 40 15 17
0 126 41 15 17
0 126 42 1 7
0 126 43 3 17
0 126 44 12 16
0 126 45 16 17
0 126 46 1 8
0 126 47 4 17
0 126 48 4 17
0 126 49 12 15
0 126 50 5 18
0 126 51 6 8
0 126 52 8 16
0 126 53 4 5 16
0 126 54 6
0 126 55 15 18
0 126 56 3 17
0 126 57 12 17
0 126 58 5 11
0 126 59 6 16
0 126 60 5 16
0 126 61 1 6
0 126 62 1 16
0 126 63 11 16
0 126 64 15 16
0 126 65 1 5
0 126 66 1 6
0 126 67 4 16
0 126 68 3 15
0 126 69 3 12
0 126 70 3 17
0 126 71 3 7
0 126 75 11 15
0 126 77 15 16
0 126 78 1 5
0 126 79 6 8
0 126 81 15 16
0 126 82 11
0 126 83 12 16
0 127 0 1 8
0 127 1 1 16 18
0 127 2 1 4
0 127 3 4 15
0 127 4 7 8
0 127 5 3 17
0 127 6 5 8
0 127 7 6 12
0 127 8 4 16
0 127 9 5 8
0 127 10 6 16
0 127 11 3 11 17
0 127 12 11 15
0 127 13 3 16
0 127 14 18
0 127 15 11 18
0 127 16 3 11 12
0 127 17 16
0 127 18 12 17
0 127 19 4 16
0 127 20 1 16
0 127 21 3 5
0 127 22 3 6
0 127 23 12 15
0 127 24 12 17
0 127 25 12 15
0 127 26 4 16
0 127 27 1 12
0 127 28 1 18
0 127 29 15 16
0 127 30 11 16
0 127 31 1 4
0 127 32 1 18
0 127 33 11 18
0 127 34 4 17
0 127 35 3 4
0 127 36 7 8
0 127 37 4 7
0 127 38 3 5
0 127 39 6 8
0 127 40 3 5
0 127 41 6 18
0 127 42 3 18
0 127 43 4 17
0 127 44 3 17
0 127 45 1 16
0 127 47 3 16
0 127 48 3 7
0 127 49 5 12
0 127 50 6 18
0 127 51 7 17
0 127 52 8 11 12 15 17
0 127 53 11 16
0 127 54 3 8
0 127 55 3 12
0 127 56 4 18
0 127 57 8 12
0 127 58 5 17
0 127 59 6 17
0 127 60 7 11
0 127 61 17
0 127 62 15 17
0 127 63 1 17
0 127 64 1 15
0 127 65 5 18
0 127 66 6 17
0 127 67 7 15
0 127 68 4 15
0 127 69 4 18
0 127 70 3 4
0 127 71 3 4
0 127 76 17 18
0 127 77 12
0 127 78 15 18
0 127 79 8 16
0 127 80 3 17
0 127 81 5 15
0 127 82 6 12 15 17 18
0 127 83 5 12
0 127 84 6 7
0 128 0 3 15 17
0 128 1 1 5
0 128 2 3 6 15 16
0 128 3 11 12
0 128 4 15 18
0 128 5 4 16
0 128 6 7 12
0 128 7 8 17
0 128 8 1 15
0 128 9 5 17
0 128 10 1 6
0 128 11 4 7
0 128 12 1 17
0 128 13 4 18
0 128 14 3 16
0 128 15 1 7
0 128 16 4 17
0 128 17 3 16
0 128 18 7 17
0 128 19 15 17
0 128 20 1 8
0 128 21 4 8
0 128 22 4 11
0 128 23 3 16
0 128 24 11 18
0 128 25 16 17
0 128 26 1 18
0 128 27 11 16
0 128 28 15 17
0 128 29 16 17
0 128 30 5 18
0 128 31 6 12
0 128 32 15
0 128 33 11 16
0 128 34 3
0 128 35 1 4
0 128 36 8 16
0 128 37 3 15
0 128 38 4 8
0 128 40 4 12
0 128 41 5 16
0 128 42 4 6
0 128 43 5 16
0 128 44 1 4 6 7 11 15 17
0 128 45 11 16
0 128 46 16 17
0 128 47 4 16
0 128 48 4 11
0 128 49 8 15
0 128 50 5 16
0 128 51 3 6 8 12
0 128 52 8 17
0 128 53 18
0 128 54 4 7
0 128 55 4 12
0 128 58 1 8
0 128 60 3 8
0 128 61 5 11
0 128 62 6 11
0 128 63 16 18
0 128 64 7 11
0 128 65 11 18
0 128 66 15
0 128 67 3 5 8 12 15 16
0 128 68 6 18
0 128 69 12 18
0 128 70 4 7
0 128 71 4 12
0 128 75 11 15
0 128 77 7 12
0 128 78 15 17
0 128 79 1 18
0 128 80 4 8
0 128 81 5 16
0 128 82 3 6 15 16 18
0 128 83 1 18
0 129 0 4
0 129 1 17 18
0 129 2 4
0 129 3 18
0 129 4 1 17
0 129 5 5 18
0 129 6 6 15
0 129 7 7 8
0 129 8 3 11
0 129 9 7 18
0 129 10 15
0 129 11 3 12
0 129 12 8 11
0 129 13 8 17
0 129 14 4 7
0 129 15 8 11
0 129 16 1 17
0 129 17 4 11
0 129 18 11 16
0 129 19 12 15
0 129 20 18
0 129 21 3 5 15
0 129 22 6 17
0 129 23 4 5
0 129 24 1 3 6 17
0 129 25 8 15
0 129 26 11 17
0 129 27 1 7
0 129 28 17
0 129 29 15 18
0 129 30 5 15
0 129 31 6 15
0 129 32 12 17
0 129 33 15 18
0 129 34 4 16
0 129 35 17
0 129 36 7 15
0 129 37 4 16
0 129 38 1 18
0 129 39 7 11
0 129 40 3 5 8 12 16 17
0 129 41 5 6
0 129 42 6 17
0 129 43 3 12
0 129 44 3 17
0 129 45 17 18
0 129 46 5 17
0 129 47 6
0 129 48 16
0 129 49 7 17
0 129 50 7 18
0 129 51 4 16
0 129 52 3 12
0 129 53 1
0 129 54 7 8
0 129 58 3 5
0 129 59 3 6
0 129 60 1 4
0 129 61 3
0 129 62 12 17
0 129 63 5 15
0 129 64 6 7
0 129 65 7 11
0 129 66 11 17
0 129 67 4 18
0 129 68 3 18
0 129 69 8 15
0 129 70 11 16
0 129 71 3 16
0 129 76 16 18
0 129 77 1 11
0 129 78 1 7
0 129 79 16 18
0 129 80 12 17
0 129 81 7 17
0 129 82 4 12
0 129 83 3 18
0 129 84 3 7
0 129 87 3 11
0 129 91 3 12
0 130 0 3 15
0 130 1 7 12
0 130 2 11 15
0 130 3 5 11
0 130 4 6 7
0 130 5 1 11
0 130 6 8 15
0 130 7 11 18
0 130 8 4 15
0 130 9 12 15
0 130 10 7
0 130 11 4 18
0 130 12 5 16
0 130 13 6 16
0 130 14 12 15
0 130 15 5 7
0 130 16 6 11
0 130 17 16 17
0 130 18 12 15
0 130 19 5 16
0 130 20 3 6 11 18
0 130 21 4 11
0 130 22 8 18
0 130 23 1 16
0 130 24 4 12 16
0 130 25 3 8
0 130 26 12 18
0 130 27 11 12
0 130 28 1 5 12
0 130 29 5 6
0 130 30 6 18
0 130 31 12 15 16 18
0 130 32 7 18
0 130 33 16 17
0 130 34 5 18
0 130 35 3 6
0 130 36 17
0 130 37 1 18
0 130 38 8 16
0 130 39 7 17
0 130 40 4 11
0 130 41 3
0 130 42 15 16
0 130 43 3 4 7 12 16
0 130 44 4 15
0 130 45 12 16
0 130 46 3 7
0 130 47 5 17
0 130 48 6 11 16
0 130 49 1
0 130 50 7 17
0 130 51 1 3
0 130 52 1 4
0 130 53 5 15
0 130 54 6 8
0 130 55 1 16
0 130 56 11 16
0 130 57 3 5
0 130 58 4 6
0 130 59 4 15
0 130 60 3 7
0 130 61 4 8
0 130 62 7 16
0 130 63 3 8
0 130 64 12 18
0 130 66 8 11
0 130 67 3 16
0 130 68 4 15
0 130 69 17
0 130 70 17 18
0 130 71 4 8
0 130 74 5 16
0 130 75 6 17
0 130 76 11 16
0 130 77 15 16
0 130 78 15 17
0 130 79 1
0 130 80 5 12
0 130 81 6 8
0 130 82 5 15
0 130 83 4 6
0 130 84 3 4
0 130 87 4 16
0 130 88 3
0 130 90 3 16
0 130 91 4 16
0 131 0 3 4
0 131 1 8 18
0 131 2 7 15
0 131 3 16 18
0 131 4 3 15
0 131 5 16
0 131 6 5 8
0 131 7 6 18
0 131 8 1 5 11
0 131 9 6 18
0 131 10 16 18
0 131 11 16 17
0 131 12 16 17
0 131 13 7 16
0 131 14 1 3
0 131 15 7 18
0 131 16 5 17
0 131 17 6 16
0 131 18 11 17
0 131 19 15 18
0 131 20 4 16
0 131 21 3 15
0 131 22 3 17
0 131 23 5 17
0 131 24 6 8
0 131 25 4
0 131 26 1 8
0 131 27 1 16
0 131 28 3 16
0 131 29 11 16
0 131 30 5 17
0 131 31 6 16
0 131 32 17 18
0 131 33 3 12
0 131 34 5 15
0 131 35 4 6
0 131 36 12 16
0 131 37 15 16 17
0 131 38 8 15
0 131 39 16
0 131 40 5
0 131 41 4 6 15 17
0 131 42 12 17
0 131 43 4 18
0 131 44 16 17
0 131 45 18
0 131 46 4 8
0 131 47 17
0 131 48 1 3
0 131 49 5 15
0 131 50 6 12
0 131 51 4 15
0 131 52 12 15
0 131 53 1
0 131 54 17 18
0 131 55 7 17
0 131 57 4 7
0 131 59 16
0 131 60 4 18
0 131 61 1 17
0 131 62 1 11
0 131 63 4 5
0 131 64 5 6
0 131 65 5 6
0 131 66 6 17
0 131 67 4 5
0 131 68 6
0 131 69 3 18
0 131 70 5 16
0 131 71 6 8
0 131 72 8 15
0 131 73 17
0 131 75 16 17
0 131 76 7 17
0 131 77 3 11
0 131 78 5 18
0 131 79 6 18
0 131 80 12 15
0 131 82 3 11
0 131 83 12 18
0 131 84 4 16
0 131 86 16 17
0 131 87 11 16
0 131 88 1 4
0 131 89 7 17
0 131 90 4 17
0 132 0 4
0 132 1 15 16
0 132 2 7 17
0 132 3 16 18
0 132 4 4 17
0 132 5 11 18
0 132 6 5 7
0 132 7 6 15
0 132 8 1 15
0 132 9 15 17
0 132 10 7 17
0 132 11 12 17
0 132 12 16 17
0 132 13 11 12
0 132 14 4 16
0 132 16 7 17
0 132 18 15 16
0 132 19 3 17
0 132 20 12 18
0 132 21 3 4
0 132 22 4 18
0 132 23 3 8
0 132 24 1 5
0 132 25 5 6
0 132 26 6 17
0 132 27 15 17
0 132 28 4 17
0 132 29 1
0 132 30 8 17
0 132 32 12 15
0 132 33 4 15
0 132 34 1
0 132 35 17 18
0 132 36 8 17
0 132 37 11 12
0 132 38 17 18
0 132 39 12 18
0 132 40 5 12
0 132 41 6 15
0 132 42 15 18
0 132 43 12 17
0 132 44 1 15
0 132 45 11 15
0 132 46 8 12
0 132 47 1 5
0 132 48 4 6
0 132 49 7 12
0 132 50 1 18
0 132 51 11 12
0 132 52 15 18
0 132 53 11 18
0 132 54 8 16
0 132 55 7 8
0 132 57 5 11
0 132 58 6 17
0 132 59 3 11
0 132 60 8 15
0 132 61 11 16
0 132 63 7 15
0 132 64 1 11
0 132 65 7 16
0 132 66 5 16
0 132 67 6 7
0 132 68 8 15
0 132 69 4 17
0 132 70 5 12
0 132 71 3 6 15
0 132 72 1 11
0 132 73 7 18
0 132 74 3 17
0 132 77 4 15
0 132 78 3 5
0 132 79 6 11
0 132 81 16 18
0 132 82 4 7
0 132 83 7 17
0 132 85 11 17
0 132 86 16 17
0 132 88 3 11
0 132 89 7
0 132 90 7 11
0 133 0 3 17
0 133 1 12 15
0 133 2 17 18
0 133 3 8 11
0 133 4 5 11
0 133 5 6 16
0 133 6 11 16
0 133 7 15
0 133 8 15 18
0 133 9 8 18
0 133 10 12 18
0 133 11 16 17
0 133 12 11 15
0 133 13 5 17
0 133 14 6 15
0 133 15 1 12
0 133 16 3 15
0 133 17 7 17
0 133 18 12 16
0 133 19 4 18
0 133 20 15 16
0 133 21 4 8
0 133 22 12 16
0 133 23 4 12
0 133 24 3 5
0 133 25 3 6
0 133 26 3 8
0 133 27 7 16
0 133 28 16 18
0 133 29 5 7
0 133 30 3 6
0 133 31 1 7
0 133 32 11
0 133 33 8 18
0 133 34 18
0 133 35 5 16
0 133 36 1 6
0 133 40 7 8
0 133 41 11 12
0 133 42 8 18
0 133 43 5 8 18
0 133 44 6 15
0 133 45 15 18
0 133 46 18
0 133 47 1 15
0 133 51 7 12
0 133 53 17 18
0 133 58 5 15
0 133 59 4 6
0 133 60 12 17
0 133 61 12 18
0 133 63 7
0 133 64 17 18
0 133 65 17
0 133 66 7 15
0 133 67 7 15
0 133 68 5 7
0 133 69 6 18
0 133 70 8 11
0 133 71 4 16
0 133 72 5 18
0 133 73 6
0 133 74 4 16
0 133 76 3 7
0 133 77 8 11
0 133 78 4 18
0 133 79 3 5
0 133 80 6 17
0 133 82 7 8
0 133 83 5 15
0 133 84 6 11
0 133 85 1 17
0 133 87 3 15
0 133 88 4 7
0 133 89 7 11
0 133 91 8 15
0 134 0 3 4
0 134 1 3 8
0 134 2 11 18
0 134 3 12 15
0 134 4 5 17
0 134 5 6 17
0 134 6 11 15
0 134 7 1 11
0 134 8 3 5 18
0 134 9 6 18
0 134 10 17
0 134 11 5 8
0 134 12 6 12
0 134 13 15 18
0 134 14 8 11
0 134 15 3 18
0 134 16 4 15
0 134 17 17 18
0 134 18 5
0 134 19 6 12 15 17
0 134 20 8 15
0 134 21 17 18
0 134 22 1 11
0 134 23 7 15
0 134 24 4 8
0 134 25 4 12
0 134 26 4 17
0 134 27 8 11 17
0 134 28 15 16
0 134 29 7 8
0 134 30 4 7
0 134 31 12 16
0 134 32 7 16
0 134 33 12 16
0 134 34 5 17
0 134 35 6 15
0 134 36 5 12
0 134 37 3 6
0 134 38 5 15
0 134 39 6 12
0 134 40 7 12
0 134 41 8 15
0 134 42 12 16
0 134 43 1 3
0 134 44 3
0 134 45 15 18
0 134 46 7 18
0 134 47 3 11
0 134 48 1 18
0 134 52 5 12
0 134 53 3 6
0 134 59 7 18
0 134 60 12
0 134 61 8 11
0 134 62 11 16
0 134 63 15 16
0 134 64 5 16
0 134 65 6 8
0 134 66 15 16
0 134 67 16 18
0 134 68 16 18
0 134 69 7 16
0 134 70 3 17
0 134 71 3 11
0 134 72 8
0 134 73 5 17
0 134 74 6 15
0 134 76 4 5
0 134 77 6 7
0 134 78 5 15
0 134 79 4 6
0 134 82 8 15
0 134 84 1 18
0 134 86 15 16
0 134 87 4 11
0 134 88 7 18
0 134 89 8 16
0 134 92 5 18
0 134 93 6
0 134 94 3 7
0 134 95 11 12
0 135 0 3 4
0 135 1 4 5
0 135 2 6
0 135 3 12 15
0 135 4 3 18
0 135 5 3 15
0 135 6 3 8
0 135 7 7 18
0 135 8 4 11
0 135 9 5 15
0 135 10 1 6
0 135 11 5 11
0 135 12 6 12
0 135 13 7 16
0 135 14 15 18
0 135 15 4 15
0 135 17 5 18
0 135 18 6 7
0 135 19 7 15
0 135 20 18
0 135 21 11 18
0 135 22 5 16
0 135 23 6 15
0 135 24 8 18
0 135 25 8 15
0 135 26 5
0 135 27 6 12 17
0 135 28 3 15
0 135 29 8 18
0 135 30 7 17
0 135 31 3 17
0 135 32 11 17
0 135 33 1 5
0 135 34 6 16
0 135 35 7 12
0 135 36 12 18
0 135 37 3 4
0 135 39 15 18
0 135 40 5 11
0 135 41 6 17
0 135 42 3 11 12 16 18
0 135 43 1 4
0 135 44 4 16
0 135 45 1 5
0 135 46 6 18
0 135 47 4 15
0 135 49 7 12
0 135 50 3 8
0 135 51 3 7
0 135 52 11 16
0 135 53 1 4
0 135 57 1 16
0 135 58 3 11
0 135 61 11 17
0 135 62 3 17
0 135 63 1 17
0 135 64 3 18
0 135 65 1 17
0 135 66 1 17
0 135 67 17 18
0 135 68 16 17
0 135 69 15 16
0 135 70 1 4
0 135 71 4 12
0 135 73 5 15
0 135 74 6 15
0 135 75 1 18
0 135 77 3 11
0 135 78 7 11
0 135 79 16 18
0 135 80 3
0 135 83 11 18
0 135 85 8 17
0 135 86 1 15
0 135 87 7 18
0 135 88 3 17
0 135 94 4 12
0 136 0 4 5
0 136 1 5 6
0 136 2 6 11
0 136 3 7 8
0 136 4 4 18
0 136 5 4
0 136 6 4 18
0 136 7 12 16
0 136 8 5 7
0 136 9 6 16
0 136 10 12 18
0 136 12 7 17
0 136 13 3 16
0 136 14 3 12
0 136 15 16 18
0 136 16 11 18
0 136 17 5 7
0 136 18 6 16
0 136 19 7 12
0 136 20 3 18
0 136 21 7 17
0 136 22 5 16
0 136 23 6 16
0 136 24 11 18
0 136 25 11 15
0 136 26 16 18
0 136 27 7 8
0 136 28 4 15
0 136 29 5 18
0 136 30 3 6
0 136 31 4 15
0 136 32 3
0 136 33 1 17
0 136 34 5 16
0 136 35 6 7
0 136 36 8 12
0 136 37 4 16
0 136 38 7 16
0 136 40 15 18
0 136 41 1 17
0 136 42 4
0 136 43 8 17
0 136 44 8 16
0 136 45 1 3
0 136 46 3 7
0 136 47 1 11
0 136 48 8 18
0 136 49 12 15
0 136 50 4
0 136 51 3 4 12 17
0 136 52 3 5
0 136 53 6 12
0 136 54 7 15
0 136 56 7 17
0 136 58 4 12
0 136 62 4 12
0 136 63 3
0 136 64 4 11
0 136 65 5 11
0 136 66 6 16
0 136 67 12 17
0 136 68 8 17
0 136 69 1 15
0 136 70 1 18
0 136 71 3 11
0 136 74 16 18
0 136 75 7 18
0 136 77 4 15
0 136 78 1 17
0 136 80 4 5
0 136 81 3 6
0 136 84 8 16
0 136 85 7 15
0 136 87 3 18
0 136 88 4 12
0 136 89 8 15
0 136 90 12 15
0 136 93 12 16
0 136 94 12 15
0 136 95 5 16
0 136 96 6 16
0 137 0 3 8
0 137 1 11
0 137 2 8 15
0 137 3 8 11
0 137 4 3 7
0 137 5 12
0 137 6 16 17
0 137 7 3 16
0 137 8 15 17
0 137 9 5 7
0 137 10 6 8
0 137 11 3 8
0 137 12 12 17
0 137 13 4 15
0 137 14 4 17
0 137 15 15 16
0 137 16 1 8
0 137 17 12 17
0 137 18 8 16
0 137 19 7 8
0 137 20 4 15
0 137 21 15 17
0 137 22 11 17
0 137 23 7 12
0 137 24 3 7
0 137 25 11 17
0 137 26 16 18
0 137 27 15
0 137 28 8 12
0 137 29 16 18
0 137 30 4 7
0 137 31 8 12
0 137 32 4 18
0 137 33 8 17
0 137 34 8 12
0 137 35 15
0 137 36 12 17
0 137 37 15 17
0 137 38 3 7
0 137 39 5 15
0 137 40 6 15
0 137 41 16 18
0 137 43 1 17
0 137 44 5 16
0 137 45 4 6
0 137 46 3 4
0 137 47 3 7
0 137 48 3 7
0 137 49 3 7
0 137 50 18
0 137 51 4 5
0 137 52 1 4 6
0 137 53 5 16
0 137 54 5 6
0 137 55 6 18
0 137 56 11 15
0 137 58 8 16
0 137 59 3 11
0 137 60 3 8
0 137 61 11 15
0 137 62 5 12
0 137 63 4 6
0 137 64 8 15
0 137 65 3 17
0 137 66 5 11
0 137 67 6 16
0 137 68 5 16
0 137 69 6 11
0 137 70 15 18
0 137 71 4 8
0 137 73 16 17
0 137 76 11 12
0 137 77 7 12
0 137 78 7 18
0 137 79 5 11
0 137 80 5 6
0 137 81 4 6
0 137 82 11 16
0 137 83 15 17
0 137 85 11 15
0 137 86 5 18
0 137 87 4 6
0 137 88 1 3
0 137 90 16 18
0 137 91 8 18
0 137 92 7 17
0 137 93 5 12
0 137 94 6 17
0 137 95 17 18
0 138 0 4 15
0 138 1 5 16
0 138 2 6 16
0 138 3 3 18
0 138 4 3 4
0 138 5 1 17
0 138 6 8 17
0 138 7 4 7
0 138 8 1 12
0 138 9 3 18
0 138 10 8 11
0 138 11 4 5
0 138 12 6 7
0 138 13 7 8
0 138 14 17 18
0 138 15 1 16
0 138 16 15 18
0 138 17 16 17
0 138 18 3 8
0 138 19 7
0 138 20 8 15
0 138 21 3 18
0 138 22 7 18
0 138 23 8 15
0 138 24 4 15
0 138 25 3 17
0 138 26 1 11
0 138 27 7 11
0 138 28 17 18
0 138 29 12
0 138 30 12 16
0 138 31 3 11
0 138 32 5 12
0 138 33 6 15
0 138 34 5 11
0 138 35 6
0 138 36 3 16 18
0 138 37 1 3
0 138 38 4 18
0 138 40 17 18
0 138 41 8 18
0 138 42 1 15
0 138 43 17
0 138 44 5 15
0 138 45 6 15
0 138 46 4 16
0 138 47 4 8
0 138 48 4 15
0 138 49 4 5
0 138 50 6 8
0 138 51 5 11
0 138 52 6 17
0 138 53 11 15
0 138 54 11 12
0 138 55 15 16
0 138 56 8 15
0 138 57 17 18
0 138 58 7 12
0 138 59 3 4
0 138 60 1 4
0 138 61 1 7 15
0 138 62 11 18
0 138 63 3 11
0 138 64 3 8
0 138 65 4 18
0 138 66 7 17
0 138 67 15 17
0 138 70 1 5
0 138 71 6 18
0 138 72 3 17
0 138 73 5
0 138 74 6 15
0 138 77 5 15
0 138 78 6 16
0 138 79 3 16
0 138 80 1 15
0 138 81 8 17
0 138 82 3 15
0 138 83 12 16
0 138 84 11 18
0 138 85 3 12
0 138 86 15 18
0 138 87 12
0 138 88 4 12
0 138 89 7 17
0 138 92 1 16
